12/01/2022,12.32,12.41,12.32,12.4,66953
12/02/2022,12.12,12.34,12.12,12.28,117924
12/05/2022,12.23,12.28,12.075,12.08,104915
12/06/2022,12.05,12.15,12.01,12.09,87866
12/07/2022,12.03,12.345,12.03,12.17,161207
12/08/2022,12.23,12.43,12.21,12.23,133608
12/09/2022,12.16,12.23,12.13,12.14,76755
12/12/2022,12.04,12.3978,12.04,12.12,102853
12/13/2022,12.35,12.49,12.23,12.27,106502
12/14/2022,12.11,12.17,11.8939,11.99,153177
12/15/2022,11.86,11.905,11.69,11.71,81901
12/16/2022,11.48,11.6495,11.45,11.58,175117
12/19/2022,11.52,11.6159,11.39,11.41,91224
12/20/2022,11.35,11.485,11.35,11.44,295961
12/21/2022,11.45,11.64,11.45,11.55,129894
12/22/2022,11.56,11.58,11.4,11.52,174486
12/23/2022,11.46,11.59,11.46,11.53,75489
12/27/2022,11.45,11.53,11.33,11.33,184461
12/28/2022,11.33,11.44,11.17,11.18,182781
12/29/2022,11.17,11.48,11.17,11.36,281079
12/30/2022,11.46,11.61,11.3338,11.49,341912
01/03/2023,11.78,11.78,11.45,11.6,110636
01/04/2023,11.74,11.815,11.655,11.76,66161
01/05/2023,11.78,11.78,11.57,11.635,56544
01/06/2023,11.7,11.8933,11.69,11.85,55588
01/09/2023,11.94,12.08,11.93,11.95,57969
01/10/2023,11.88,12.09,11.88,12.07,82020
01/11/2023,12.04,12.27,12.04,12.21,98901
01/12/2023,12.34,12.43,12.18,12.39,84853
01/13/2023,12.34,12.41,12.2,12.38,61641
01/17/2023,12.35,12.37,12.3,12.37,55843
01/18/2023,12.38,12.53,12.22,12.22,83246
01/19/2023,12.1,12.295,12.1,12.17,34120
01/20/2023,12.14,12.43,12.14,12.43,66045
01/23/2023,12.32,12.56,12.32,12.51,70285
01/24/2023,12.58,12.58,12.41,12.51,59445
01/25/2023,12.36,12.54,12.36,12.48,61342
01/26/2023,12.58,12.58,12.44,12.5,56560
01/27/2023,12.43,12.67,12.43,12.64,73499
01/30/2023,12.61,12.62,12.53,12.59,67244
01/31/2023,12.59,12.78,12.58,12.71,46429
02/01/2023,12.77,12.91,12.65,12.85,47472
02/02/2023,12.93,13.02,12.91,12.96,67578
02/03/2023,12.79,12.85,12.56,12.65,117799
02/06/2023,12.64,12.64,12.49,12.53,62732
02/07/2023,12.46,12.64,12.46,12.59,31839
02/08/2023,12.68,12.7083,12.505,12.65,50352
02/09/2023,12.78,12.78,12.54,12.57,22914
02/10/2023,12.5,12.57,12.48,12.56,25732
02/13/2023,12.51,12.81,12.51,12.74,90197
02/14/2023,12.68,12.7899,12.61,12.65,65204
02/15/2023,12.61,12.61,12.54,12.58,61001
02/16/2023,12.47,12.62,12.45,12.5,67295
02/17/2023,12.5,12.57,12.42,12.46,89484
02/21/2023,12.47,12.5,12.26,12.27,50994
02/22/2023,12.26,12.34,12.2,12.21,45122
02/23/2023,12.23,12.3099,12.1666,12.24,60450
02/24/2023,12.07,12.14,12.07,12.09,57683
02/27/2023,12.11,12.2695,12.11,12.21,38898
02/28/2023,12.19,12.2396,12.155,12.16,67990
03/01/2023,12.16,12.2081,12.08,12.1,40851
03/02/2023,12,12.17,11.94,12.11,48619
03/03/2023,12.11,12.31,12.11,12.31,57407
03/06/2023,12.22,12.4,12.22,12.28,89965
03/07/2023,12.27,12.3094,12.145,12.15,55348
03/08/2023,12.15,12.23,12.09,12.14,99805
03/09/2023,12.11,12.19,11.9601,11.98,39515
03/10/2023,11.95,12.05,11.84,11.86,104948
03/13/2023,11.76,11.8846,11.7,11.7,81623
03/14/2023,11.4,11.57,11.3893,11.45,57007
03/15/2023,11.33,11.33,11.17,11.22,58143
03/16/2023,11.11,11.25,11.07,11.24,229941
03/17/2023,11.16,11.24,11.11,11.12,75451
03/20/2023,11.08,11.2156,11.08,11.15,85672
03/21/2023,11.16,11.2,11.13,11.16,72533
03/22/2023,11.11,11.3061,11.07,11.07,99262
03/23/2023,11.18,11.205,11.01,11.03,114355
03/24/2023,11.01,11.11,11,11.09,90690
03/27/2023,11.09,11.19,11.05,11.05,95614
03/28/2023,11.01,11.1099,11.01,11.07,44304
03/29/2023,11.11,11.215,11.11,11.19,107395
03/30/2023,11.28,11.37,11.2301,11.36,97588
03/31/2023,11.33,11.56,11.33,11.54,132291
04/03/2023,11.58,11.7,11.48,11.59,176318
04/04/2023,11.57,11.66,11.57,11.65,208732
04/05/2023,11.56,11.88,11.56,11.6,70184
04/06/2023,11.59,11.7136,11.585,11.65,67315
04/10/2023,11.56,11.66,11.56,11.66,32273
04/11/2023,11.63,11.745,11.61,11.71,34651
04/12/2023,11.71,11.7931,11.65,11.65,87895
04/13/2023,11.65,11.84,11.65,11.83,38491
04/14/2023,11.74,11.8664,11.73,11.79,97312
04/17/2023,11.75,11.8072,11.73,11.77,99290
04/18/2023,11.74,11.85,11.74,11.79,71648
04/19/2023,11.71,11.7899,11.71,11.76,78379
04/20/2023,11.68,11.77,11.68,11.73,35338
04/21/2023,11.69,11.7718,11.69,11.74,35846
04/24/2023,11.77,11.8925,11.72,11.78,42360
04/25/2023,11.75,11.7599,11.63,11.64,37687
04/26/2023,11.64,11.74,11.62,11.64,148128
04/27/2023,11.65,11.8,11.65,11.775,25576
04/28/2023,11.72,11.84,11.72,11.79,54276
05/01/2023,11.67,11.81,11.64,11.69,82001
05/02/2023,11.68,11.68,11.49,11.51,61828
05/03/2023,11.42,11.62,11.42,11.56,88021
05/04/2023,11.59,11.59,11.43,11.46,97722
05/05/2023,11.5,11.59,11.491,11.55,70887
05/08/2023,11.59,11.605,11.5,11.51,56200
05/09/2023,11.44,11.51,11.44,11.48,99546
05/10/2023,11.51,11.56,11.48,11.52,96118
05/11/2023,11.48,11.57,11.48,11.5,114447
05/12/2023,11.5,11.54,11.44,11.47,48261
05/15/2023,11.45,11.81,11.45,11.56,88911
05/16/2023,11.53,11.55,11.47,11.47,46219
05/17/2023,11.47,11.5799,11.47,11.55,59693
05/18/2023,11.51,11.59,11.51,11.58,36036
05/19/2023,11.58,11.66,11.58,11.58,49859
05/22/2023,11.52,11.61,11.52,11.59,52038
05/23/2023,11.61,11.61,11.5,11.5,48575
05/24/2023,11.52,11.52,11.37,11.37,66657
05/25/2023,11.38,11.41,11.32,11.32,27615
05/26/2023,11.28,11.47,11.24,11.44,68730
05/30/2023,11.43,11.525,11.42,11.44,63156
05/31/2023,11.4,11.45,11.3442,11.37,53448
06/01/2023,11.48,11.53,11.39,11.4,255342
06/02/2023,11.42,11.6,11.42,11.53,88472
06/05/2023,11.49,11.605,11.49,11.53,55193
06/06/2023,11.53,11.62,11.52,11.56,59511
06/07/2023,11.66,11.66,11.52,11.52,78810
06/08/2023,11.64,11.64,11.54,11.6,81839
06/09/2023,11.57,11.64,11.57,11.6,61111
06/12/2023,11.59,11.69,11.59,11.68,98285
06/13/2023,11.68,11.78,11.68,11.76,127430
06/14/2023,11.43,11.57,11.43,11.49,87745
06/15/2023,11.54,11.65,11.51,11.64,39473
06/16/2023,11.6,11.695,11.6,11.65,62263
06/20/2023,11.56,11.64,11.55,11.59,144570
06/21/2023,11.53,11.62,11.53,11.62,63637
06/22/2023,11.56,11.61,11.52,11.52,42933
06/23/2023,11.38,11.5,11.38,11.46,97949
06/26/2023,11.41,11.485,11.39,11.4,73974
06/27/2023,11.4,11.51,11.3992,11.5,81490
06/28/2023,11.48,11.58,11.48,11.56,92178
06/29/2023,11.6,11.61,11.51,11.56,65149
06/30/2023,11.56,11.7,11.56,11.66,96346
07/03/2023,11.76,11.81,11.66,11.72,165628
07/05/2023,11.73,11.77,11.68,11.7,96330
07/06/2023,11.64,11.64,11.5,11.55,82223
07/07/2023,11.61,11.69,11.51,11.51,65557
07/10/2023,11.5,11.66,11.5,11.63,53600
07/11/2023,11.7,11.7101,11.625,11.7,64271
07/12/2023,11.72,11.87,11.72,11.8,96744
07/13/2023,11.82,11.9245,11.82,11.91,52787
07/14/2023,11.9,11.98,11.81,11.81,73113
07/17/2023,11.94,11.94,11.805,11.85,46811
07/18/2023,11.8,11.96,11.8,11.91,48736
07/19/2023,11.89,11.9999,11.89,11.95,60128
07/20/2023,11.88,11.95,11.88,11.89,81462
07/21/2023,11.94,11.95,11.91,11.92,23876
07/24/2023,12,12,11.91,11.95,76762
07/25/2023,12.01,12.01,11.94,11.94,113227
07/26/2023,11.96,12.03,11.94,11.97,70028
07/27/2023,11.99,12.1,11.91,11.91,109644
07/28/2023,11.97,12.05,11.97,12.01,55749
07/31/2023,12.02,12.095,12.02,12.095,57221
08/01/2023,12.03,12.07,12.02,12.02,23872
08/02/2023,11.91,11.94,11.9,11.9,47088
08/03/2023,11.88,11.88,11.8,11.82,40302
08/04/2023,11.84,11.94,11.82,11.82,123616
08/07/2023,11.83,11.9203,11.82,11.9,29454
08/08/2023,11.85,11.88,11.8,11.87,33850
08/09/2023,11.78,11.9042,11.68,11.88,92190
08/10/2023,11.86,12.01,11.86,11.9,95292
08/11/2023,11.84,11.92,11.83,11.92,62687
08/14/2023,11.84,11.94,11.84,11.94,121606
08/15/2023,11.86,11.9312,11.8,11.82,167031
08/16/2023,11.78,11.8499,11.75,11.75,104654
08/17/2023,11.75,11.7801,11.65,11.65,54399
08/18/2023,11.57,11.71,11.57,11.64,76384
08/21/2023,11.62,11.73,11.62,11.69,42858
08/22/2023,11.68,11.735,11.68,11.68,137762
08/23/2023,11.66,11.77,11.66,11.68,155516
08/24/2023,11.74,11.74,11.58,11.58,37930
08/25/2023,11.55,11.65,11.55,11.57,397379
08/28/2023,11.56,11.7,11.56,11.65,90184
08/29/2023,11.61,11.8,11.61,11.79,83166
08/30/2023,11.84,11.87,11.8,11.82,87336
08/31/2023,11.79,11.855,11.79,11.82,57968
09/01/2023,11.81,11.86,11.81,11.83,57403
09/05/2023,11.84,11.84,11.75,11.75,45814
09/06/2023,11.76,11.7703,11.71,11.71,104430
09/07/2023,11.69,11.74,11.69,11.74,104789
09/08/2023,11.8,11.8,11.73,11.73,79916
09/11/2023,11.81,11.81,11.74,11.78,88908
09/12/2023,11.78,11.83,11.77,11.78,112131
09/13/2023,11.78,11.8224,11.7,11.79,84303
09/14/2023,11.55,11.62,11.55,11.585,42811
09/15/2023,11.53,11.6,11.49,11.49,46672
09/18/2023,11.41,11.5,11.4,11.4,108387
09/19/2023,11.39,11.4485,11.39,11.39,23270
09/20/2023,11.39,11.49,11.39,11.44,45469
09/21/2023,11.35,11.378,11.3,11.33,110097
09/22/2023,11.33,11.4,11.31,11.32,76302
09/25/2023,11.32,11.3208,11.25,11.27,252063
09/26/2023,11.27,11.27,11.09,11.1,42299
09/27/2023,11.09,11.165,11.07,11.09,61469
09/28/2023,11.09,11.2,11.09,11.11,102791
09/29/2023,11.11,11.235,11.1,11.12,64981
10/02/2023,11.22,11.27,11.07,11.09,165655
10/03/2023,11,11.09,10.86,10.86,86133
10/04/2023,10.82,10.89,10.7816,10.89,105210
10/05/2023,10.82,10.91,10.785,10.86,70485
10/06/2023,10.8,11,10.7875,10.95,59550
10/09/2023,10.87,10.95,10.87,10.93,68000
10/10/2023,10.98,11.0796,10.98,11.01,27597
10/11/2023,11.01,11.08,10.96,11,78201
10/12/2023,10.93,11.03,10.89,10.94,50080
10/13/2023,11.02,11.04,10.93,10.95,87595
10/16/2023,10.95,11.02,10.95,10.99,62575
10/17/2023,10.85,10.9576,10.85,10.94,69080
10/18/2023,10.87,10.89,10.76,10.76,125790
10/19/2023,10.85,10.85,10.652,10.68,49588
10/20/2023,10.72,10.72,10.6,10.62,72255
10/23/2023,10.71,10.71,10.62,10.65,60075
10/24/2023,10.75,10.75,10.6763,10.73,63114
10/25/2023,10.74,10.74,10.61,10.65,101944
10/26/2023,10.67,10.72,10.6012,10.68,137200
10/27/2023,10.65,10.68,10.63,10.63,45653
10/30/2023,10.72,10.75,10.6728,10.72,35411
10/31/2023,10.7,10.72,10.6704,10.72,75762
11/01/2023,10.71,10.8701,10.71,10.86,95112
11/02/2023,10.91,11.1,10.91,11.07,112831
11/03/2023,11.08,11.27,11.08,11.21,63565
11/06/2023,11.27,11.27,11.14,11.17,46562
11/07/2023,11.17,11.205,11.13,11.19,70606
11/08/2023,11.16,11.29,11.16,11.21,86321
11/09/2023,11.26,11.26,11.11,11.14,68639
11/10/2023,11.18,11.32,11.17,11.31,94004
11/13/2023,11.33,11.3657,11.17,11.22,126456
11/14/2023,11.33,11.49,11.33,11.45,82365
11/15/2023,11.42,11.49,11.42,11.47,68433
11/16/2023,11.43,11.5064,11.43,11.47,126338
11/17/2023,11.46,11.5599,11.46,11.52,34090
11/20/2023,11.48,11.6,11.48,11.58,50162
11/21/2023,11.51,11.6,11.51,11.56,61244
11/22/2023,11.56,11.62,11.53,11.53,59864
11/24/2023,11.58,11.5929,11.52,11.53,27809
11/27/2023,11.47,11.58,11.47,11.56,43140
11/28/2023,11.53,11.65,11.5205,11.61,41521
11/29/2023,11.61,11.7001,11.61,11.65,43668
11/30/2023,11.65,11.71,11.63,11.67,71954
12/01/2023,11.64,11.89,11.64,11.87,47248
12/04/2023,11.85,11.96,11.79,11.96,177737
12/05/2023,11.95,12.01,11.9375,11.97,58065
12/06/2023,11.99,12.215,11.99,12.11,88115
12/07/2023,12.19,12.35,12.12,12.24,60866
12/08/2023,12.26,12.45,12.2,12.4,166678
12/11/2023,12.43,12.4344,12.4,12.4,72911
12/12/2023,12.4,12.53,12.39,12.45,129748
12/13/2023,12.45,12.539,12.44,12.48,99047
12/14/2023,12.12,12.29,12.04,12.04,114883
12/15/2023,12.04,12.1,12.02,12.04,80445
12/18/2023,12.01,12.15,11.96,12.13,102230
12/19/2023,12.1,12.2092,12.1,12.15,81696
12/20/2023,12.12,12.2099,12.12,12.15,107602
12/21/2023,12.14,12.23,12.05,12.14,178757
12/22/2023,12.11,12.214,12.11,12.14,88486
12/26/2023,12.1,12.385,12.0801,12.34,148017
12/27/2023,12.45,12.49,12.32,12.38,195108
12/28/2023,12.33,12.44,12.11,12.27,163018
12/29/2023,12.4,12.47,12.26,12.3,184036
01/02/2024,12.33,12.37,12.17,12.18,73583
01/03/2024,12.18,12.23,12.06,12.18,75999
01/04/2024,12.24,12.26,12.12,12.17,57415
01/05/2024,12.2,12.33,12.11,12.3,75939
01/08/2024,12.28,12.44,12.2,12.43,56735
01/09/2024,12.4,12.4,12.1416,12.16,105760
01/10/2024,12.27,12.27,12.13,12.2,42140
01/11/2024,12.2,12.2,11.86,12.1,217214
01/12/2024,12.06,12.19,12.06,12.1,42903
01/16/2024,12.06,12.12,11.95,11.97,65782
01/17/2024,12,12,11.76,11.8,152912
01/18/2024,11.82,11.8951,11.76,11.76,112200
01/19/2024,11.82,11.85,11.75,11.83,69903
01/22/2024,11.84,12.01,11.84,11.97,136948
01/23/2024,12,12,11.98,11.98,39237
01/24/2024,12.06,12.1,12,12.04,60589
01/25/2024,12.01,12.15,12.01,12.08,70992
01/26/2024,12.08,12.15,12.05,12.13,45480
01/29/2024,12.15,12.24,12.1,12.21,38079
01/30/2024,12.21,12.2291,12.11,12.18,55638
01/31/2024,12.24,12.255,12.12,12.13,50189
02/01/2024,12.14,12.33,12.14,12.28,37882
02/02/2024,12.3,12.3008,12.18,12.22,54294
02/05/2024,12.13,12.1799,12.1,12.11,41569
02/06/2024,12.12,12.19,12.12,12.14,71667
02/07/2024,12.16,12.26,12.1,12.22,46412
02/08/2024,12.18,12.2199,12.1,12.18,46662
02/09/2024,12.15,12.21,12.13,12.18,33697
02/12/2024,12.15,12.23,12.1493,12.19,61490
02/13/2024,12.14,12.195,12,12.01,105219
02/14/2024,12.01,12.09,11.98,12.06,90115
02/15/2024,12.17,12.17,11.99,12.15,62725
02/16/2024,12.15,12.15,12.0807,12.12,29344
02/20/2024,12.02,12.14,12.02,12.1,58378
02/21/2024,12.1399,12.145,12.07,12.08,97356
02/22/2024,12.13,12.255,12.13,12.21,57533
02/23/2024,12.23,12.26,12.22,12.23,35464
02/26/2024,12.23,12.2536,12.12,12.15,67786
02/27/2024,12.18,12.18,12.03,12.05,145079
02/28/2024,12.11,12.11,11.9901,12,59762
02/29/2024,12,12.125,12,12.09,97609
03/01/2024,12.1,12.22,12.03,12.17,62623
03/04/2024,12.2,12.26,12.1696,12.21,71777
03/05/2024,12.27,12.27,12.175,12.22,108863
03/06/2024,12.25,12.5,12.25,12.41,89996
03/07/2024,12.4,12.5007,12.39,12.42,98136
03/08/2024,12.47,12.527,12.43,12.46,55551
03/11/2024,12.47,12.5001,12.45,12.5,54624
03/12/2024,12.54,12.54,12.49,12.5,94205
03/13/2024,12.5,12.5499,12.48,12.5,55609
03/14/2024,12.1,12.13,11.95,11.95,82283
03/15/2024,11.9,11.95,11.89,11.89,70945
03/18/2024,11.89,11.9696,11.8801,11.92,39703
03/19/2024,11.92,12,11.91,11.99,88643
03/20/2024,11.95,12.1,11.94,12.08,50353
03/21/2024,12.11,12.28,12.11,12.26,113176
03/22/2024,12.26,12.26,12.15,12.15,39510
03/25/2024,12.1,12.21,12.1,12.1,32761
03/26/2024,12.1,12.22,12.1,12.13,37257
03/27/2024,12.2,12.34,12.2,12.31,60606
03/28/2024,12.28,12.48,12.28,12.44,102790
04/01/2024,12.44,12.52,12.36,12.38,181953
04/02/2024,12.35,12.43,12.24,12.28,82753
04/03/2024,12.21,12.36,12.21,12.36,56130
04/04/2024,12.42,12.42,12.16,12.19,55778
04/05/2024,12.15,12.28,12.15,12.24,23214
04/08/2024,12.3,12.3,12.19,12.3,59799
04/09/2024,12.28,12.29,12.15,12.21,74548
04/10/2024,12.16,12.17,12,12.095,70585
04/11/2024,12.08,12.085,12.01,12.08,88060
04/12/2024,12,12,11.8639,11.88,29386
04/15/2024,11.95,11.95,11.75,11.75,55183
04/16/2024,11.73,11.73,11.66,11.66,33826
04/17/2024,11.69,11.7599,11.66,11.67,34183
04/18/2024,11.65,11.8224,11.64,11.67,47066
04/19/2024,11.63,11.7391,11.63,11.6799,35300
04/22/2024,11.72,11.8346,11.71,11.79,34110
04/23/2024,11.81,11.9,11.81,11.86,60291
04/24/2024,11.88,11.9008,11.8,11.84,52426
04/25/2024,11.73,11.79,11.66,11.773,43801
04/26/2024,11.8,11.87,11.8,11.84,19342
04/29/2024,11.85,11.92,11.85,11.87,58113
04/30/2024,11.96,11.96,11.77,11.78,39856
05/01/2024,11.85,11.885,11.78,11.83,51743
05/02/2024,11.93,11.96,11.8601,11.93,37971
05/03/2024,12,12.1,12,12.07,30087
05/06/2024,12.12,12.15,12.06,12.113,55721
05/07/2024,12.15,12.37,12.1,12.12,119618
05/08/2024,12.12,12.18,12.0807,12.17,37177
05/09/2024,12.2,12.27,12.18,12.25,79250
05/10/2024,12.28,12.32,12.26,12.29,53591
05/13/2024,12.29,12.31,12.22,12.23,27960
05/14/2024,12.27,12.3399,12.27,12.32,39443
05/15/2024,12.34,12.44,12.34,12.44,54454
05/16/2024,12.41,12.52,12.41,12.48,53824
05/17/2024,12.48,12.52,12.4,12.49,63812
05/20/2024,12.46,12.69,12.46,12.52,109639
05/21/2024,12.47,12.54,12.46,12.475,58720
05/22/2024,12.42,12.4983,12.42,12.43,64934
05/23/2024,12.45,12.45,12.26,12.26,79375
05/24/2024,12.33,12.38,12.2701,12.34,44440
05/28/2024,12.32,12.38,12.21,12.22,100132
05/29/2024,12.18,12.25,11.97,11.97,90904
05/30/2024,11.97,12.16,11.97,12.03,116986
05/31/2024,12.1,12.28,12.1,12.19,34188
06/03/2024,12.19,12.3006,12.18,12.28,59400
06/04/2024,12.28,12.4,12.24,12.33,111672
06/05/2024,12.39,12.3999,12.3323,12.37,78845
06/06/2024,12.33,12.4625,12.33,12.39,75426
06/07/2024,12.35,12.4337,12.35,12.37,34675
06/10/2024,12.33,12.4,12.33,12.39,80557
06/11/2024,12.4,12.4,12.33,12.38,76159
06/12/2024,12.43,12.4999,12.43,12.45,67129
06/13/2024,12.43,12.441,12.3645,12.42,75533
06/14/2024,12.04,12.04,11.93,11.97,55637
06/17/2024,11.92,11.9599,11.9,11.93,105975
06/18/2024,11.87,11.97,11.87,11.93,79217
06/20/2024,11.9,11.95,11.87,11.91,90799
06/21/2024,11.87,11.95,11.87,11.92,71392
06/24/2024,11.92,12.0284,11.92,11.97,75192
06/25/2024,12,12.09,11.977,12.04,37824
06/26/2024,12.05,12.0899,12.04,12.06,79579
06/27/2024,12.06,12.146,12.06,12.07,69881
06/28/2024,12.11,12.35,12.09,12.35,159761
07/01/2024,12.38,12.44,12.26,12.36,304454
07/02/2024,12.38,12.44,12.28,12.3,111900
07/03/2024,12.38,12.4499,12.34,12.41,23885
07/05/2024,12.54,12.73,12.54,12.65,279741
07/08/2024,12.69,12.93,12.65,12.89,200793
07/09/2024,12.85,13.06,12.85,12.98,115278
07/10/2024,12.96,12.96,12.81,12.85,226343
07/11/2024,12.85,12.87,12.81,12.83,145945
07/12/2024,12.83,13.09,12.83,13.06,56856
07/15/2024,13.09,13.34,13.08,13.2,220551
07/16/2024,13.2,13.21,13.16,13.18,136964
07/17/2024,13.17,13.17,13.04,13.07,241333
07/18/2024,13,13.11,12.98,13,130821
07/19/2024,12.97,13.31,12.88,13.16,840000
07/22/2024,13.11,13.1499,13.05,13.09,127506
07/23/2024,13.05,13.05,12.86,12.86,149005
07/24/2024,12.84,12.94,12.56,12.68,186138
07/25/2024,12.6,12.83,12.56,12.72,169691
07/26/2024,12.75,12.87,12.74,12.84,33959
07/29/2024,12.84,12.93,12.8096,12.85,79041
07/30/2024,12.95,12.99,12.9043,12.97,48897
07/31/2024,13,13.2449,12.9812,13.21,94348
08/01/2024,13.21,13.21,12.91,12.91,74629
08/02/2024,12.97,13.0399,12.85,12.91,128562
08/05/2024,12.7,12.815,12.55,12.55,138218
08/06/2024,12.6,12.84,12.55,12.8,90264
08/07/2024,12.9,12.9,12.74,12.84,92516
08/08/2024,12.91,13,12.8,12.91,88031
08/09/2024,12.95,12.9699,12.89,12.92,49466
08/12/2024,12.88,12.99,12.8413,12.91,50933
08/13/2024,12.98,13.04,12.8603,13.02,101617
08/14/2024,13.09,13.1,13.0475,13.08,60458
08/15/2024,13.09,13.2295,13.0821,13.12,51860
08/16/2024,13.13,13.2,13.1179,13.17,35448
08/19/2024,13.17,13.2,13.13,13.16,56936
08/20/2024,13.15,13.25,13.15,13.25,73596
08/21/2024,13.19,13.3,13.1701,13.29,67845
08/22/2024,13.31,13.4,13.25,13.29,50860
08/23/2024,13.26,13.45,13.229,13.33,84229
08/26/2024,13.4,13.5,13.37,13.42,87821
08/27/2024,13.34,13.46,13.34,13.39,65607
08/28/2024,13.44,13.48,13.22,13.26,68625
08/29/2024,13.26,13.35,13.26,13.31,157813
08/30/2024,13.4,13.48,13.301,13.48,58611
09/03/2024,13.48,13.48,13.28,13.28,51761
09/04/2024,13.28,13.4099,13.28,13.38,48692
09/05/2024,13.41,13.42,13.29,13.38,36646
09/06/2024,13.42,13.46,13.34,13.36,50344
09/09/2024,13.48,13.5,13.2922,13.31,106971
09/10/2024,13.33,13.4087,13.26,13.26,87044
09/11/2024,13.26,13.35,13.26,13.31,59874
09/12/2024,13.38,13.43,13.3625,13.42,157803
09/13/2024,13.19,13.3,13.0269,13.19,83034
09/16/2024,13.2784,13.2784,13.03,13.15,76901
09/17/2024,13.15,13.18,13.09,13.16,59060
09/18/2024,13.11,13.15,13.02,13.07,75905
09/19/2024,13.25,13.34,13.09,13.2,97014
09/20/2024,13.13,13.26,13.13,13.18,73778
09/23/2024,13.15,13.3199,13.15,13.23,64251
09/24/2024,13.26,13.3099,13.185,13.21,93514
09/25/2024,13.26,13.26,13.1,13.13,88707
09/26/2024,13.15,13.2,13.12,13.14,136015
09/27/2024,13.15,13.185,13.11,13.12,149644
09/30/2024,13.12,13.2299,13.1,13.22,146925
10/01/2024,13.36,13.3898,13.12,13.16,294936
10/02/2024,13.1,13.145,13.08,13.09,185468
10/03/2024,13.04,13.16,12.945,13,88275
10/04/2024,12.96,13.075,12.95,12.96,123539
10/07/2024,12.95,13,12.87,12.91,89248
10/08/2024,12.94,12.97,12.88,12.92,104822
10/09/2024,12.91,12.99,12.91,12.91,146529
10/10/2024,12.97,12.97,12.86,12.88,60008
10/11/2024,12.86,12.99,12.84,12.95,189354
10/14/2024,12.99,12.99,12.92,12.96,50124
10/15/2024,12.94,12.9991,12.85,12.85,82864
10/16/2024,12.87,12.935,12.85,12.91,55853
10/17/2024,12.93,12.94,12.9,12.94,44065
10/18/2024,12.95,12.95,12.87,12.94,76563
10/21/2024,12.88,12.95,12.87,12.89,59611
10/22/2024,12.89,12.97,12.8435,12.88,67907
10/23/2024,12.87,12.9298,12.72,12.72,58828
10/24/2024,12.75,12.8251,12.7,12.74,83065
10/25/2024,12.77,12.8099,12.62,12.66,102835
10/28/2024,12.65,12.74,12.63,12.64,69464
10/29/2024,12.64,12.68,12.58,12.65,80148
10/30/2024,12.61,12.7185,12.55,12.61,55929
10/31/2024,12.54,12.63,12.53,12.58,81263
11/01/2024,12.66,12.6947,12.57,12.59,47062
11/04/2024,12.59,12.6599,12.49,12.49,87614
11/05/2024,12.5,12.63,12.47,12.61,75449
11/06/2024,12.66,12.72,12.53,12.66,88446
11/07/2024,12.65,12.73,12.6,12.72,177934
11/08/2024,12.77,12.77,12.68,12.77,89849
11/11/2024,12.82,12.848,12.71,12.71,79610
11/12/2024,12.75,12.7727,12.53,12.55,97060
11/13/2024,12.56,12.56,12.42,12.46,92774
11/14/2024,12.46,12.54,12.43,12.48,67492
11/15/2024,12.48,12.5496,12.35,12.38,84059
11/18/2024,12.39,12.53,12.3823,12.5,60271
11/19/2024,12.5,12.558,12.4101,12.51,104700
11/20/2024,12.46,12.56,12.4225,12.49,72265
11/21/2024,12.48,12.62,12.48,12.57,78254
11/22/2024,12.54,12.64,12.47,12.62,89268
11/25/2024,12.65,12.71,12.6323,12.65,91711
11/26/2024,12.7,12.7214,12.65,12.68,74243
11/27/2024,12.71,12.7484,12.65,12.7,58356
11/29/2024,12.71,12.84,12.71,12.8,52535
12/02/2024,12.8,12.85,12.8,12.84,80424
12/03/2024,12.85,12.89,12.82,12.85,167840
12/04/2024,12.85,12.88,12.8,12.842,140992
12/05/2024,12.86,12.9534,12.84,12.89,67274
12/06/2024,12.94,12.9691,12.89,12.94,88649
12/09/2024,12.97,12.98,12.86,12.86,82953
12/10/2024,12.86,12.87,12.79,12.79,94087
12/11/2024,12.83,12.89,12.8,12.84,132718
12/12/2024,12.83,12.85,12.75,12.78,224219
12/13/2024,12.36,12.375,12.3,12.3,107858
12/16/2024,12.28,12.32,12.25,12.25,113537
12/17/2024,12.25,12.2742,12.18,12.19,135371
12/18/2024,12.17,12.23,11.98,11.98,139576
12/19/2024,11.86,11.99,11.77,11.83,127924
12/20/2024,11.79,11.94,11.79,11.86,153560
12/23/2024,11.89,11.9499,11.8,11.9,262157
12/24/2024,11.86,12.03,11.86,12.01,64243
12/26/2024,12.01,12.15,12.01,12.12,181818
12/27/2024,12.08,12.14,12.02,12.05,217976
12/30/2024,12.02,12.13,11.99,12.09,348625
12/31/2024,12.19,12.21,12.04,12.04,283911
01/02/2025,12.12,12.1345,12.05,12.09,128365
01/03/2025,12.11,12.18,12.07,12.18,86267
01/06/2025,12.17,12.2411,12.16,12.19,122047
01/07/2025,12.23,12.25,12.06,12.07,72958
01/08/2025,12.07,12.105,11.96,12.01,197022
01/10/2025,11.97,12.07,11.87,11.9,139706
01/13/2025,11.9,11.94,11.85,11.94,105564
01/14/2025,11.97,12.065,11.93,11.94,90342
01/15/2025,12.05,12.12,12.015,12.1,157483
01/16/2025,12.1,12.18,12.1,12.13,81807
01/17/2025,12.19,12.27,12.17,12.19,288808
01/21/2025,12.24,12.3,12.24,12.29,107296
01/22/2025,12.31,12.35,12.306,12.35,90865
01/23/2025,12.37,12.37,12.29,12.3,82432
01/24/2025,12.33,12.37,12.3132,12.32,87156
01/27/2025,12.26,12.34,12.2001,12.31,65127
01/28/2025,12.28,12.37,12.28,12.32,74437
01/29/2025,12.33,12.39,12.32,12.33,181643
01/30/2025,12.36,12.4,12.33,12.36,165684
01/31/2025,12.3675,12.488,12.3675,12.43,135536
02/03/2025,12.33,12.36,12.2644,12.34,101531
02/04/2025,12.37,12.4668,12.3602,12.38,68802
02/05/2025,12.44,12.49,12.4282,12.48,70031
02/06/2025,12.5,12.52,12.48,12.51,113879
02/07/2025,12.51,12.555,12.44,12.44,71483
02/10/2025,12.46,12.54,12.45,12.45,62604
02/11/2025,12.41,12.5,12.41,12.47,114147
02/12/2025,12.43,12.6,12.43,12.47,120337
02/13/2025,12.45,12.52,12.45,12.51,138547
02/14/2025,12.58,12.6003,12.5101,12.58,95072
02/18/2025,12.57,12.68,12.55,12.6,119461
02/19/2025,12.59,12.64,12.59,12.61,110519
02/20/2025,12.65,12.67,12.59,12.67,84930
02/21/2025,12.64,12.7,12.6,12.6,101519
02/24/2025,12.64,12.66,12.56,12.58,74149
02/25/2025,12.63,12.672,12.58,12.59,88511
02/26/2025,12.59,12.7,12.59,12.65,100225
02/27/2025,12.66,12.68,12.6,12.63,92452
02/28/2025,12.59,12.65,12.55,12.57,126011
03/03/2025,12.62,12.68,12.6,12.63,99437
03/04/2025,12.57,12.63,12.5,12.58,166208
03/05/2025,12.6,12.67,12.5,12.58,164586
03/06/2025,12.48,12.56,12.44,12.47,111321
03/07/2025,12.49,12.5,12.36,12.39,187388
03/10/2025,12.43,12.4653,12.3,12.3,138319
03/11/2025,12.34,12.37,12.26,12.33,156275
03/12/2025,12.37,12.39,12.3,12.35,145576
03/13/2025,12.31,12.38,12.27,12.29,206955
03/14/2025,11.99,12.1,11.971,12.05,223744
03/17/2025,12.08,12.12,12.04,12.12,112067
03/18/2025,12.09,12.13,12.06,12.07,58435
03/19/2025,12.08,12.16,12.06,12.1,142291
03/20/2025,12.05,12.1599,12.05,12.1,84906
03/21/2025,12.06,12.1,12.04,12.08,93420
03/24/2025,12.1,12.21,12.0702,12.12,147953
03/25/2025,12.17,12.17,12.09,12.1,109188
03/26/2025,12.12,12.155,11.98,12.03,117694
03/27/2025,12.07,12.1004,11.89,12.02,128975
03/28/2025,12.01,12.02,11.93,11.94,93790
03/31/2025,11.91,12.02,11.9,12.02,173980
04/01/2025,12.12,12.16,12,12.06,212614
04/02/2025,12.06,12.11,11.98,12.07,128480
04/03/2025,11.97,11.985,11.8,11.8,132787
04/04/2025,11.6,11.65,11.12,11.12,250054
04/07/2025,10.5,11.02,10.212,10.75,178667
04/08/2025,11,11.2602,10.76,10.81,154348
04/09/2025,10.85,11.51,10.75,11.5,174241
04/10/2025,11.44,11.48,11.1,11.24,128586
04/11/2025,11.22,11.36,11.2,11.33,92765
04/14/2025,11.43,11.5399,11.3501,11.43,37520
04/15/2025,11.37,11.55,11.37,11.5,92108
04/16/2025,11.5,11.53,11.37,11.37,79295
04/17/2025,11.45,11.58,11.35,11.53,67725
04/21/2025,11.52,11.52,11.31,11.34,85305
04/22/2025,11.43,11.6,11.3601,11.53,77677
04/23/2025,11.66,11.84,11.6276,11.73,103844
04/24/2025,11.79,11.85,11.6575,11.83,45244
04/25/2025,11.85,11.9,11.7401,11.88,47872
04/28/2025,11.79,11.92,11.79,11.85,56484
04/29/2025,11.82,11.98,11.7981,11.92,43915
04/30/2025,11.93,11.98,11.85,11.94,55313
05/01/2025,11.98,12.03,11.9645,12.01,138133
05/02/2025,12.14,12.14,11.999,12.08,80114
05/05/2025,12.06,12.12,12.06,12.08,37695
05/06/2025,12.06,12.13,11.98,12.06,60010
05/07/2025,12.03,12.13,12.02,12.05,64589
05/08/2025,12.06,12.19,12.06,12.09,134962
05/09/2025,12.14,12.1685,12.0884,12.11,34748
05/12/2025,12.23,12.33,12.13,12.13,111843
05/13/2025,12.29,12.34,12.12,12.31,56658
05/14/2025,12.35,12.35,12.25,12.28,38705
05/15/2025,12.3,12.32,12.17,12.26,67252
05/16/2025,12.33,12.37,12.259,12.37,62528
05/19/2025,12.26,12.37,12.25,12.34,89320
05/20/2025,12.34,12.441,12.3251,12.39,63432
05/21/2025,12.39,12.42,12.27,12.27,75607
05/22/2025,12.275,12.32,12.2,12.255,64295
05/23/2025,12.21,12.23,12.19,12.2,23646
05/27/2025,12.27,12.3699,12.2,12.31,65433
05/28/2025,12.3,12.34,12.2,12.28,136630
05/29/2025,12.3,12.3399,12.2101,12.31,44083
05/30/2025,12.36,12.4,12.3157,12.38,36163
06/02/2025,12.38,12.51,12.38,12.49,137083
06/03/2025,12.48,12.61,12.4268,12.51,146255
06/04/2025,12.56,12.65,12.56,12.59,143601
06/05/2025,12.66,12.66,12.53,12.55,77857
06/06/2025,12.6,12.64,12.51,12.58,56938
06/09/2025,12.58,12.66,12.49,12.57,102923
06/10/2025,12.61,12.67,12.58,12.65,159820
06/11/2025,12.65,12.68,12.48,12.49,234813
06/12/2025,12.55,12.6,12.51,12.51,95373
06/13/2025,12.24,12.4565,12.2117,12.31,125311
06/16/2025,12.36,12.42,12.34,12.37,56143
06/17/2025,12.36,12.42,12.27,12.31,87429
06/18/2025,12.33,12.335,12.26,12.29,86739
06/20/2025,12.26,12.3,12.2389,12.28,54438
06/23/2025,12.23,12.35,12.23,12.31,47967
06/24/2025,12.34,12.44,12.34,12.42,129516
06/25/2025,12.4,12.48,12.35,12.41,67223
06/26/2025,12.43,12.52,12.43,12.46,44887
06/27/2025,12.48,12.55,12.41,12.51,82196
06/30/2025,12.51,12.65,12.51,12.63,147329
07/01/2025,12.63,12.665,12.6001,12.66,117065
07/02/2025,12.58,12.71,12.51,12.66,114733
07/03/2025,12.67,12.72,12.66,12.7,60245
07/07/2025,12.7,12.71,12.6238,12.65,164220
07/08/2025,12.58,12.63,12.54,12.58,108228
07/09/2025,12.6,12.73,12.58,12.62,87434
07/10/2025,12.63,12.68,12.562,12.64,91884
07/11/2025,12.6,12.6641,12.6,12.6,63621
07/14/2025,12.58,12.6537,12.54,12.54,154728
07/15/2025,12.47,12.49,12.37,12.39,92264
07/16/2025,12.43,12.435,12.32,12.4,118986
07/17/2025,12.36,12.5,12.36,12.45,100088
07/18/2025,12.5,12.5674,12.47,12.48,154337
07/21/2025,12.5,12.55,12.4801,12.53,95463
07/22/2025,12.53,12.57,12.51,12.55,77811
07/23/2025,12.55,12.65,12.55,12.61,69641
07/24/2025,12.64,12.69,12.56,12.56,91646
07/25/2025,12.59,12.67,12.5801,12.67,58130
07/28/2025,12.67,12.69,12.65,12.66,75980
07/29/2025,12.67,12.6809,12.62,12.63,85092
07/30/2025,12.58,12.66,12.5501,12.56,46785
07/31/2025,12.6,12.68,12.58,12.6,125631
08/01/2025,12.65,12.6799,12.35,12.35,223879
08/04/2025,12.4,12.5,12.4,12.5,58018
08/05/2025,12.53,12.55,12.47,12.49,112404
08/06/2025,12.51,12.5999,12.485,12.57,114261
08/07/2025,12.64,12.7,12.58,12.63,92443
08/08/2025,12.66,12.6899,12.5898,12.65,35281
08/11/2025,12.64,12.69,12.62,12.66,49463
08/12/2025,12.68,12.76,12.67,12.72,152427
08/13/2025,12.77,12.78,12.72,12.78,151962
08/14/2025,12.76,12.8,12.69,12.69,128343
08/15/2025,12.67,12.6912,12.63,12.67,52933
08/18/2025,12.65,12.66,12.54,12.57,130104
08/19/2025,12.62,12.65,12.5601,12.59,95573
08/20/2025,12.57,12.62,12.5,12.5,72588
08/21/2025,12.51,12.58,12.47,12.5,89743
08/22/2025,12.56,12.69,12.5315,12.68,138291
08/25/2025,12.65,12.71,12.65,12.66,65032
08/26/2025,12.64,12.69,12.63,12.68,109447
08/27/2025,12.68,12.7262,12.6404,12.7,84630
08/28/2025,12.77,12.77,12.68,12.76,96872
08/29/2025,12.76,12.79,12.64,12.65,232380
09/02/2025,12.64,12.72,12.51,12.62,190522
09/03/2025,12.64,12.6937,12.61,12.63,96211
09/04/2025,12.7,12.7099,12.64,12.68,95290
09/05/2025,12.74,12.79,12.66,12.72,122141
09/08/2025,12.75,12.82,12.6866,12.78,125714
09/09/2025,12.84,12.85,12.79,12.84,138123
09/10/2025,12.87,12.92,12.85,12.85,180559
09/11/2025,12.92,13,12.92,12.96,132865
09/12/2025,12.98,13.05,12.97,13.01,158653
09/15/2025,12.85,12.94,12.85,12.9,107162
09/16/2025,12.92,12.99,12.9,12.94,171850
09/17/2025,12.92,12.95,12.87,12.9,156505
09/18/2025,12.93,12.9799,12.891,12.96,138026
09/19/2025,12.97,12.98,12.95,12.95,121530
09/22/2025,12.97,13.0285,12.95,12.96,92818
09/23/2025,12.96,13.03,12.88,12.88,167539
09/24/2025,12.95,13.0497,12.864,12.89,56824
09/25/2025,12.87,13,12.76,12.76,125192
09/26/2025,12.81,12.95,12.805,12.81,61128
09/29/2025,12.84,12.9,12.75,12.86,47348
09/30/2025,12.86,13,12.7885,12.98,179265
10/01/2025,13.01,13.05,12.87,13.05,154989
10/02/2025,13.07,13.1,12.99,13.08,106201
10/03/2025,13.09,13.14,13.015,13.08,102748
10/06/2025,13.14,13.19,13.08,13.13,104717
10/07/2025,13.15,13.1799,13.11,13.12,101817
10/08/2025,13.16,13.22,13.1505,13.18,94526
10/09/2025,13.25,13.25,13.15,13.19,99766
10/10/2025,13.19,13.19,12.94,12.98,73148
10/13/2025,12.97,13,12.91,12.94,123148
10/14/2025,12.96,13.05,12.9024,13.04,57190
10/15/2025,12.97,13.05,12.92,12.92,83167
10/16/2025,12.94,13.0807,12.84,12.9,71645
10/17/2025,12.78,12.9,12.7432,12.77,66986
10/20/2025,12.8,13.02,12.8,12.87,94925
10/21/2025,12.85,12.96,12.8259,12.94,87246
10/22/2025,12.93,13.06,12.91,12.93,315492
10/23/2025,12.96,13.01,12.7,12.93,94614
10/24/2025,12.96,12.99,12.93,12.93,89098
10/27/2025,12.97,13.09,12.95,13.07,77682
10/28/2025,13.08,13.21,13.05,13.14,95871
10/29/2025,13.2,13.21,13.1001,13.17,104969
10/30/2025,13.14,13.25,13.13,13.21,184017
10/31/2025,13.21,13.25,13.1201,13.25,92924
11/03/2025,13.3,13.31,13.185,13.31,166184
11/04/2025,13.24,13.28,13.14,13.15,91866
11/05/2025,13.15,13.31,13.1,13.22,121162
11/06/2025,13.22,13.23,13.12,13.15,53646
11/07/2025,13.13,13.15,13.05,13.15,46043
11/10/2025,13.22,13.35,13.19,13.33,143892
11/11/2025,13.34,13.35,13.2301,13.28,150694
11/12/2025,13.28,13.39,13.28,13.38,203133
11/13/2025,13.38,13.38,13.2,13.2,77273
11/14/2025,13.01,13.17,12.9801,13.02,97527
11/17/2025,12.99,13.065,12.86,12.86,114433
11/18/2025,12.78,12.86,12.69,12.81,125646
11/19/2025,12.8,12.8699,12.7101,12.8,86717
11/20/2025,12.87,13.0361,12.72,12.72,69301
11/21/2025,12.79,12.94,12.75,12.75,121135
11/24/2025,12.75,12.91,12.75,12.8,115937
11/25/2025,12.77,12.9599,12.77,12.91,90325
11/26/2025,12.97,13.04,12.97,12.98,118895
11/28/2025,13.04,13.21,13.0371,13.21,66911
12/01/2025,13.23,13.27,13.15,13.27,185688
12/02/2025,13.26,13.26,13.14,13.2,132542
12/03/2025,13.24,13.33,13.18,13.25,146518
12/04/2025,13.37,13.37,13.25,13.3,98177
12/05/2025,13.3,13.33,13.2,13.33,96092
12/08/2025,13.3,13.3,13.21,13.23,90987
12/09/2025,13.26,13.265,12.92,13.01,278597
12/10/2025,13,13.05,12.9341,13.02,140216
12/11/2025,13,13.15,12.97,13.06,189575
12/12/2025,13.05,13.0899,12.97,13.02,154155
12/15/2025,12.99,12.99,12.87,12.87,95218
12/16/2025,12.9,12.9688,12.83,12.86,102626
12/17/2025,12.86,12.9469,12.75,12.75,121425
12/18/2025,12.83,12.9656,12.77,12.78,338066
12/19/2025,12.83,12.97,12.825,12.88,136494
12/22/2025,12.89,13.0099,12.86,12.89,129156
12/23/2025,12.93,12.9599,12.8901,12.94,99718
12/24/2025,12.92,12.99,12.896,12.96,39866
12/26/2025,13,13.0499,12.9542,13.03,55585
12/29/2025,13.02,13.02,12.94,13.02,87356
12/30/2025,13.02,13.085,12.97,13.03,185450
12/31/2025,13.08,13.09,12.97,13.04,140231
01/02/2026,13.13,13.13,12.94,12.96,118995
01/05/2026,13.02,13.11,12.9801,13.09,116563
01/06/2026,13.14,13.24,13.0806,13.17,123509
01/07/2026,13.22,13.23,13.12,13.12,318712
01/08/2026,13.17,13.2,13.13,13.18,114008
01/09/2026,13.25,13.3,13.21,13.3,107501
01/12/2026,13.3,13.35,13.27,13.35,164374
01/13/2026,13.36,13.363,13.26,13.34,187707
01/14/2026,13.39,13.397,13.3,13.38,182698
01/15/2026,13.35,13.36,13.22,13.22,196483
01/16/2026,13.29,13.377,13.18,13.3,655138
01/20/2026,13.24,13.24,13.06,13.1,168767
01/21/2026,13.09,13.25,13.09,13.18,121419
01/22/2026,13.27,13.35,13.255,13.34,116175
01/23/2026,13.33,13.34,13.27,13.29,64959
01/26/2026,13.32,13.38,13.32,13.35,65859
01/27/2026,13.4,13.46,13.39,13.46,130994
01/28/2026,13.45,13.5,13.4041,13.5,103958
01/29/2026,13.5,13.505,13.3901,13.46,114156
01/30/2026,13.48,13.56,13.42,13.54,98290
02/02/2026,13.54,13.58,13.4501,13.58,155781
02/03/2026,13.6,13.6,13.43,13.55,119700
02/04/2026,13.6,13.62,13.44,13.62,145503
02/05/2026,13.49,13.58,13.37,13.41,146210
02/06/2026,13.46,13.62,13.46,13.62,102394
02/09/2026,13.64,13.8,13.5101,13.75,143840
02/10/2026,13.78,13.88,13.77,13.88,126173
02/11/2026,13.87,13.955,13.8,13.83,119388
02/12/2026,13.85,13.88,13.75,13.84,111853
02/13/2026,13.65,13.75,13.58,13.68,153460
02/17/2026,13.74,13.7508,13.51,13.65,122510
02/18/2026,13.65,13.665,13.61,13.63,79508
02/19/2026,13.63,13.68,13.63,13.65,71957
02/20/2026,13.64,13.8023,13.54,13.59,109250
02/23/2026,13.51,13.62,13.5,13.56,94342.07
02/24/2026,13.78,13.8,13.56,13.7,89715.75
02/25/2026,13.8,13.8,13.7001,13.77,74307.15
02/26/2026,13.79,13.79,13.71,13.73,64578.53
02/27/2026,13.78,13.85,13.7,13.81,97387.25
03/02/2026,13.78,13.81,13.74,13.76,105945.875
03/03/2026,13.69,13.69,13.275,13.44,170239
03/04/2026,13.45,13.51,13.37,13.43,92913.21
03/05/2026,13.5,13.5,13.12,13.2,152272.47
03/06/2026,13.2,13.22,12.97,13.03,177634.9
03/09/2026,12.97,13.02,12.75,12.91,153320.23
03/10/2026,12.95,13.1,12.9485,13,118504.06
03/11/2026,13.01,13.22,12.925,13.08,115210.33
03/12/2026,12.97,13.12,12.83,12.85,120726.21
03/13/2026,12.8,12.93,12.68,12.69,96061.13
03/16/2026,12.74,12.87,12.69,12.72,59605.383
03/17/2026,12.81,12.8989,12.74,12.82,86249.29
03/18/2026,12.76,12.9,12.69,12.69,84402.85
03/19/2026,12.68,12.73,12.39,12.5,210105.27
03/20/2026,12.48,12.53,12.2,12.2,149106.6
03/23/2026,12.27,12.49,12.2401,12.31,75614.69
03/24/2026,12.28,12.46,12.25,12.44,124374.89
03/25/2026,12.46,12.65,12.46,12.58,61184.043
03/26/2026,12.52,12.6208,12.4,12.4,46920.906
03/27/2026,12.39,12.435,12.1,12.11,109724.02
